3 8 6613 11794 648 11628 3669 3506 11491 13258 
3 7 13258 11518 11549 3447 13590 6504 3476 
3 13 13258 11506 9725 512 3493 11631 3671 11596 629 11582 595 11565 9737 
3 5 13258 9534 6569 11563 9434 
3 3 6917 943 6766 
3 3 6766 11702 6775 
3 2 11834 911 
3 3 678 6529 9503 
3 3 13600 516 13599 
1 3 6536 9510 11465 
2 4 9909 3959 3928 911 
2 7 11834 11849 11877 9728 11716 6786 6613 
1 3 6775 11720 11565 
1 2 11582 6657 
2 6 3671 9492 9478 503 13574 11465 
1 3 6613 11593 3594 
2 3 3476 9500 11548 
2 2 3476 11483 
2 3 11548 575 11483 
2 4 13599 9536 11606 13590 
1 2 11606 11483 
1 3 9536 3516 11519 
1 2 6583 9559 
1 5 6583 13593 13594 6537 11519 
2 5 9503 549 11531 11502 9559 
2 6 678 698 6698 9642 817 648 
1 5 9434 6599 11535 3579 6449 
2 4 9500 11420 485 9434 
1 6 11877 9898 6960 3946 9853 9824 
1 2 6917 3946 
1 5 9737 6777 9710 743 6756 
2 9 11565 6792 3598 620 3621 6648 11576 9607 3594 
1 3 3552 542 6536 
1 4 6449 9550 527 13574 
1 2 3506 9490 
2 6 11549 13011 6545 9505 9658 9642 
1 3 9658 3652 817 
1 2 11502 11516 
1 3 11516 521 678 
1 5 6613 3589 6784 13561 6609 
1 3 911 956 3961 
1 4 11834 11875 13545 11877 
1 4 6766 3948 752 3754 
1 3 6766 3915 9882 
1 4 11506 9523 6547 3534 
2 5 13011 3546 3560 9444 6537 
1 3 6648 6644 3655 
1 3 6648 6618 6773 
3 7 11846 9904 13532 11751 9794 6926 11861 
3 5 6780 11730 9741 11726 3780 
3 3 13562 11584 6656 
3 2 11584 3604 
3 3 9907 910 13270 
3 2 819 955 
3 8 11666 6739 9692 3716 11679 6561 9690 9660 
3 4 6521 11505 3207 6282 
2 5 9263 362 3380 6402 6332 
3 6 3544 9400 9508 11428 3586 9427 
3 6 3938 3794 9800 9846 11825 4024 
3 10 3938 13224 13229 6800 6832 3810 879 9891 1178 7183 
3 8 6103 11333 507 9458 6489 3422 3463 540 
3 7 6103 9239 6221 3369 6378 377 407 
3 4 6103 11374 221 271 
3 3 11333 13070 3501 
3 5 9297 11279 9268 11221 6103 
3 7 11279 6237 9315 9379 9332 11270 351 
3 6 351 11299 11378 9392 9383 3273 
3 5 13259 11293 3359 3242 3379 
2 10 407 11361 3274 6363 9364 3205 6384 6335 6399 11332 
2 5 6384 6318 9379 9269 11297 
2 5 9383 6300 3150 11136 200 
2 5 11293 7377 285 11237 7394 
2 7 3359 11303 11257 11371 9321 9369 9303 
2 4 3359 303 9310 6313 
2 4 3379 3329 276 337 
1 11 3273 6395 6385 284 11161 6046 3178 6205 9090 131 11064 
1 5 9297 7239 6301 253 3274 
1 8 271 322 3287 296 9322 3353 9250 11297 
3 11 4569 4449 4540 4625 1646 4444 10355 1559 7599 1453 7552 
3 13 4540 7831 954 11635 11621 1881 4527 4601 9775 6855 3853 9825 6890 
2 9 4569 1523 12365 4590 1527 10339 6737 12368 9450 
2 9 1523 7607 7449 1586 1678 1770 11788 12577 1867 
2 13 4569 1621 12361 10717 7834 1352 7892 12024 4814 12570 1809 10588 1827 
2 13 10717 7834 4757 10676 12586 1683 12516 7771 1875 7745 4794 10711 1815 
2 15 4398 13315 10271 7255 12155 10690 4747 12673 4778 9616 10556 1789 10672 12651 1815 
2 7 7552 12398 4535 4507 12313 13530 1500 
2 8 1453 7524 4464 7668 7480 10352 13533 10380 
2 9 4507 1643 1528 12401 6968 9829 3960 2082 5085 
2 12 10355 7543 12489 12778 6803 8025 9822 10702 3972 12893 10867 12684 
2 8 10657 1758 10281 10824 12501 12670 4402 954 
2 7 1453 10449 4565 8110 11717 10753 10824 
2 5 6803 1618 7904 4740 12024 
1 10 7449 7539 10478 9910 1831 4664 4807 1866 6752 12693 
1 14 11788 12646 10595 10569 12620 7862 1836 10709 4759 7883 4863 10624 10593 11712 
1 5 12673 1690 10693 12578 13630 
1 8 4398 7386 7315 10157 4428 1408 1393 4385 
2 21 13315 10183 12211 4380 12281 11495 505 3644 610 9730 6757 6681 677 11658 9713 6699 3678 9671 9637 3840 986 
1 8 1352 1753 10606 4830 4760 4723 10640 10711 
1 7 4527 1595 4531 4437 10461 9682 12368 
1 8 9450 12357 9657 4166 4738 709 751 5205 
1 5 9450 6713 11641 11685 11714 
3 6 13293 6710 11656 691 695 11641 
1 3 11656 3685 9825 
3 16 13293 9667 722 11695 3763 3775 6797 9580 11567 3605 6625 4270 4345 9601 7291 12149 
1 11 4270 3778 3635 3661 9634 6676 6510 9467 12278 12582 5205 
3 22 6732 3906 11830 9832 6909 9847 3878 6882 11782 6845 9758 6984 3957 873 6846 865 11738 788 9876 6943 1077 4168 
1 10 4168 1163 1132 1019 11927 10047 7202 1547 11975 1480 
1 5 10657 913 9779 4627 7588 
1 6 7588 7646 10343 10412 11841 11738 
1 12 10412 9931 12445 10081 7138 4491 7527 1485 10394 638 12384 9996 
1 12 6890 4442 13606 11800 6899 3880 702 6872 9804 11785 6869 6845 
1 8 6882 3894 9774 9673 9693 11722 9754 598 
1 8 11830 3710 715 3715 733 10481 10230 10320 
1 3 7138 7134 11927 
1 5 9996 4594 12803 5059 10281 
1 8 1480 12470 10492 7583 860 492 10520 10352 
1 4 10380 12325 1433 1480 
1 15 10380 10407 1556 1584 7388 12752 1913 1843 9834 10489 866 12439 1572 12381 1480 
1 12 4345 7345 3602 598 6778 6795 3747 3733 734 11654 749 3763 
1 5 11654 6707 3687 882 6890 
1 11 7345 4417 10320 7433 1284 12291 4305 7379 4432 1424 4285 
1 6 12149 1356 4769 7807 10715 7683 
1 4 1356 12223 4419 983 
1 9 3778 12276 12205 10249 11902 11682 10621 9740 761 
1 9 12582 602 777 10718 4775 7899 6767 1734 12693 
1 5 7899 1769 4875 4426 4872 
1 9 3010 1804 3498 736 10656 12636 4218 12688 4872 
1 6 761 4753 10605 7185 5239 10721 
1 8 7745 4820 4610 7760 4857 12572 4860 11712 
1 5 11712 1854 4838 7820 12578 
1 7 13630 7761 1737 1323 4870 10548 1799 
1 7 1804 7348 12534 7766 2407 13634 13633 
3 12 6739 9527 6552 6723 732 13579 532 3541 3299 6540 708 3690 
2 9 9660 11625 6670 3623 619 3617 3614 614 3649 
1 12 3649 11657 3630 11588 818 6658 11603 6677 11636 6706 3704 13559 
1 7 949 3971 6982 6952 6814 9888 9902 
1 4 11586 3614 11580 3617 
1 4 6983 9922 11872 11899 
2 7 11666 9661 11630 9646 665 13566 11581 
3 10 9661 9648 653 3673 3674 668 671 11615 9630 6675 
2 6 673 11620 692 11653 9515 3541 
1 4 732 9665 3684 688 
1 6 653 9596 9627 599 13565 6626 
1 10 3674 6673 9613 628 11584 9582 6793 782 9924 11861 
1 5 9907 1616 6606 13550 6793 
3 7 782 6606 6985 3976 3773 771 9741 
1 5 6788 771 3772 11891 9909 
1 5 3780 773 3776 603 3604 
1 6 3780 607 6635 636 9618 9620 
1 3 6666 11573 13561 
3 10 6666 13568 6683 9638 663 11623 6680 6678 9636 673 
1 2 9620 9638 
1 2 9620 6683 
1 2 9638 678 
1 3 9642 3646 6666 
3 12 9824 6927 854 9764 6812 6966 3873 6817 9896 6906 6959 962 
2 13 962 4098 10024 10109 4065 12038 747 1176 7068 9979 7153 13491 4135 
1 4 13491 13228 1048 7183 
2 12 6966 13223 3954 3816 6878 6903 3902 11852 11854 9700 9872 4024 
1 15 6756 740 11688 9703 6749 11707 13218 9719 6764 3761 758 11710 9689 6734 11673 
1 7 11825 6936 9870 885 11854 13220 740 
1 6 11673 9817 6924 799 3861 11805 
1 9 11805 924 11885 3969 9839 9917 11820 896 3938 
1 11 6880 9765 6933 3846 3886 6902 9925 985 3986 858 3938 
1 4 11805 11768 9869 6933 
2 11 1178 875 3871 6896 9778 3953 11812 832 3835 6856 6906 
1 12 9764 9797 872 11819 11821 9840 9842 9857 932 3735 13233 740 
1 21 4109 3988 1109 976 3864 3973 3844 10163 13522 11818 895 3936 6990 9930 11774 11905 13523 849 3879 6895 9833 
1 11 9833 922 13528 9902 9919 9783 11597 657 9635 687 13559 
1 8 976 1205 12001 9916 9805 3914 13234 3448 
1 7 11767 3448 6900 11856 3865 3882 11832 
1 5 6900 9875 9914 9780 9809 
1 7 3882 9874 6940 3922 3956 9599 11586 
1 8 949 935 11857 9906 6998 9602 630 3649 
1 4 6923 6952 6814 6967 
1 6 6658 9617 3663 660 6695 11605 
1 5 9783 649 9612 9610 3796 
1 6 9833 11829 11811 3851 947 11867 
1 14 11753 3714 9932 975 11894 11881 6995 3967 3982 979 11883 11866 904 11811 
1 19 11867 11778 9799 11848 4112 7130 10038 9941 10122 12096 1119 1005 1122 4127 4008 7026 4124 10056 11810 
1 7 4112 928 11898 981 3856 3983 9878 
1 12 4127 7143 6807 869 9861 3870 921 6977 9777 3950 6919 9868 
1 11 904 3905 6908 11747 804 3862 11826 919 3903 6950 6919 
1 5 979 6938 9871 11839 11826 
1 7 11810 11746 806 3889 6813 9912 7620 
1 3 3889 9893 12473 
1 19 806 12029 1088 10087 1108 792 11919 13477 13470 13475 1086 4206 13472 13469 4161 11979 1155 12049 7011 
1 5 792 4111 4486 1544 13473 
1 16 8085 2089 8001 10876 12046 2097 10793 8123 3916 10106 10804 1549 12387 4512 11759 7620 
1 8 975 3979 9886 13519 11853 652 7470 6935 
1 3 10472 6991 11853 
1 12 1923 5037 2033 8092 2095 1033 12101 4115 1015 13464 4088 1086 
1 8 7011 3996 4055 1068 10031 7144 11974 12044 
1 17 12049 10005 11964 7091 4076 4145 1071 11910 10061 11967 9989 7079 10120 4136 1130 9992 7082 
1 39 7082 1204 4151 12094 10123 11954 4120 1127 1198 4057 12088 10117 10046 4047 1041 1118 9980 7209 4194 1149 1189 12039 11957 7005 10026 11921 7162 10091 13494 11969 9994 4163 1160 7081 12051 10078 4046 7166 11939 
1 3 11939 1145 13493 
1 9 1145 9964 1013 11923 7132 4116 989 12100 13488 
1 7 13488 12100 7215 4199 12087 9945 13489 
1 6 9945 10113 1194 10070 7069 11943 
1 9 989 7116 7958 4933 7908 1989 4022 7203 12857 
1 3 7132 4150 7008 
1 3 1145 4146 1128 
1 11 955 851 3968 10027 3901 12066 9990 4159 1156 3857 10074 
1 2 4014 4159 
2 13 6979 11998 11837 9784 6843 883 6939 3966 6831 9838 925 967 9924 
1 4 11846 923 9826 819 
1 4 11751 6862 6875 13270 
1 3 9907 9879 11861 
1 5 13270 11833 6946 6973 6788 
1 10 628 6626 13565 13560 11564 13252 591 11901 13542 3943 
1 7 3943 13542 3924 11816 3868 11845 6889 
1 3 11845 9894 11872 
1 3 11581 624 9595 
1 4 591 3601 3592 11581 
1 3 9809 9821 6889 
3 11 549 3558 13586 11560 3423 11494 3547 587 3444 11456 9498 
3 6 9498 9431 480 6560 6446 575 
3 7 9498 3211 68 3314 6336 9335 11318 
2 5 68 391 6241 6286 9335 
2 4 6241 9363 3512 6469 
2 6 6241 11456 6496 3262 6598 6560 
1 2 6598 13600 
1 4 6496 6500 11562 13594 
1 4 241 13612 247 11388 
1 5 11318 11264 9281 13609 11388 
1 5 9281 11346 6622 495 13604 
1 7 6469 6570 529 9486 6444 6488 13591 
1 2 13591 11560 
2 9 6488 6594 13583 9557 11529 11544 13582 571 3299 
3 3 9517 6555 11529 
1 2 13578 708 
1 3 13578 11499 9517 
1 9 663 3679 11640 6712 6542 3530 6568 6581 13583 
1 4 9517 11486 3692 11640 
1 3 13576 6693 692 
1 2 13576 708 
2 9 514 11481 3535 6501 13597 13595 13116 11417 6594 
1 4 564 6549 11445 11417 
1 4 6488 3524 11533 564 
1 4 11388 9509 11431 564 
1 2 13613 241 
4 7 13613 3326 6349 6325 13617 9320 13619 
1 10 3326 3271 3395 6377 526 9375 3522 9456 3499 6521 
1 5 3561 425 538 13602 6501 
1 4 514 478 9428 6521 
2 11 6464 11467 9511 6462 3283 3510 9470 444 11478 6236 6309 
1 8 6462 9570 3485 445 494 3462 9414 11542 
1 2 11401 9414 
1 2 11542 6418 
1 5 732 543 9541 9569 11542 
2 9 6739 3718 557 3569 6562 3414 3583 9457 11467 
1 2 6464 3586 
1 7 9427 11398 11554 11539 11522 541 9692 
1 4 6562 6576 3484 11522 
1 3 442 11413 11398 
1 6 11479 9468 9494 6522 6499 442 
1 7 9427 11430 3497 562 3458 6511 3544 
2 9 3544 11492 548 6401 243 279 3324 389 9263 
1 6 6558 3460 9532 9439 9546 11428 
1 12 3544 6567 11385 11274 11329 11357 400 6281 3272 6407 281 3288 
1 3 6375 9290 6567 
1 3 3295 3230 548 
1 2 3295 279 
2 9 9263 13620 11343 11372 13257 9361 9334 6334 6282 
1 4 6332 395 3384 281 
1 8 3614 614 9606 11608 662 9619 3665 11605 
1 11 6711 3709 9687 713 6735 3730 730 699 6716 716 9660 
2 8 6670 9643 11610 9624 3670 11627 13569 11630 
2 8 571 13581 424 3585 3418 11432 6559 514 
1 4 11544 9416 3474 13597 
1 3 3561 13601 13595 
1 5 6377 11493 6513 9524 564 
1 4 11388 309 13610 3395 
2 7 9320 11305 321 9388 3340 349 6282 
3 7 9320 11331 6389 317 13622 11251 3325 
1 3 11251 3277 6364 
1 6 9279 6345 6287 6393 3260 3325 
1 20 7014 12052 10076 1089 11982 11913 1099 1171 11937 10044 1153 7637 1628 1036 4619 12467 4130 12086 7434 7101 
1 6 4619 4631 9999 7097 10517 7101 
1 9 4130 1612 7609 10474 7019 8072 7418 4167 4295 
1 12 4089 10102 1069 10072 12069 7129 7656 9958 1004 11931 6932 12713 
1 12 10000 13490 7089 12074 4089 12093 10119 11944 4137 10068 11761 9843 
1 8 1150 6851 3783 964 11764 9781 987 11771 
1 7 4196 1166 10042 10012 7054 4185 1153 
1 2 7186 9955 
1 2 12068 1175 
1 10 10062 7108 1047 12095 1120 9970 9982 12350 13143 7097 
1 13 11963 1038 1070 4160 7135 4023 7192 12023 7044 4152 7168 10404 4480 
1 3 7192 10050 7137 
1 3 7054 4038 3992 
1 5 4031 1029 1076 1121 1161 
1 4 1052 900 6969 3955 
1 7 12713 7301 1976 2006 7911 12882 12797 
1 3 4295 531 12882 
1 9 1047 11941 4092 4152 1597 4134 12436 4532 4504 
1 12 306 3297 6243 352 3345 11235 246 382 3308 3377 6290 9282 
1 7 306 11290 11220 3331 9289 3378 3350 
1 5 11220 11241 9323 6249 6326 
1 14 306 11290 11353 354 11234 9331 320 9234 11109 117 6197 79 6174 3151 
1 16 11422 11437 9433 6478 3468 488 11454 3494 525 3543 9568 3507 9249 6319 6373 3378 
1 5 11437 453 486 3466 6474 
1 2 6222 9340 
1 3 3288 6314 9262 
1 2 3272 6296 
1 3 11274 11301 347 
1 3 11479 9558 422 
1 7 3663 9651 11652 11655 6747 3741 744 
1 4 13559 3701 6727 11670 
1 4 13552 3686 6704 9677 
1 2 7661 7495 
1 16 11082 161 6050 9149 3182 11091 3045 11147 11040 9151 205 130 9088 182 3113 6132 
1 12 11082 11380 11390 3229 299 329 11215 11327 11160 6120 11376 9279 
1 13 11390 9393 6397 9406 9329 6406 3386 383 6310 171 11151 3171 6115 
1 9 6115 14 11029 9036 100 11101 65 6145 122 
1 8 6115 11078 3021 11028 9227 11206 9139 3022 
1 13 3022 6038 9132 6173 9069 9208 6111 173 6214 9126 3132 3034 192 
1 5 6132 11201 9143 6083 9108 
1 9 3113 118 3173 145 11069 3044 9134 9095 6111 
1 9 3045 49 9173 6147 9148 3191 6207 3183 11206 
1 11 11151 3007 179 6195 9218 11044 11197 3106 35 11163 9149 
3 9 10999 2153 12996 8190 10980 5172 10432 5112 10513 
3 6 10513 5167 7553 11008 11003 1583 
2 12 7553 8181 4533 10405 4548 12396 10447 4436 7638 10347 12336 10362 
1 4 12396 1542 5110 11007 
1 6 5110 1585 4575 12440 12468 10502 
1 4 8181 2109 4587 8224 
1 6 2152 11023 8224 2181 5115 8140 
2 14 10998 1524 10345 8227 5218 8129 5174 2190 2218 12923 2167 12977 10945 2181 
1 13 10946 8143 10998 10939 5168 2227 10933 2175 13273 8179 5107 2132 2228 
1 4 12933 2150 12947 13275 
1 6 2228 12933 5220 12853 12999 10874 
1 5 5208 13281 2168 12913 12999 
1 3 13275 5204 5218 
1 3 5208 8140 2218 
1 2 5208 2190 
1 8 7476 8148 7589 4570 8196 11002 10419 8197 
1 2 10999 8196 
1 8 12113 12299 4424 7427 4412 10297 1376 12215 
1 3 1648 4652 7673 
1 8 7381 12249 1386 7223 12277 12293 4390 4608 
1 3 1208 12905 4216 
1 3 10237 12196 1252 
1 7 10263 1589 10464 12330 7336 10450 12444 
1 8 1355 12206 4358 1339 13001 12190 1326 12178 
1 2 7859 12560 
1 2 7859 4673 
1 2 7859 4864 
1 7 7798 1759 10637 10622 4763 12560 4673 
1 9 4673 4864 12406 7520 7450 1611 10458 10445 7564 
1 9 7564 7535 7522 4481 12308 7651 10475 10487 10460 
1 5 7859 10682 4836 5134 2146 
1 3 7798 12576 7755 
1 5 7755 2155 2130 12918 12910 
1 6 12910 12924 1773 4791 7811 7798 
1 19 7651 7666 4632 5198 10941 2221 2205 10927 5183 5197 12948 2191 12976 12962 10997 1526 10983 2157 1652 
1 17 1652 4630 1540 1511 12323 4645 10971 5125 8152 2201 8209 8247 11016 5207 12326 1431 7669 
1 7 10460 4560 7566 12367 4520 12354 1501 
1 6 7669 4415 10288 12290 1422 1410 
1 8 12406 1537 4500 4453 2163 10977 2116 2163 
1 12 7564 10430 4530 4546 5227 2116 10977 12934 8249 5211 10925 12910 
1 5 2130 2114 11019 7533 4453 
1 5 8249 5211 5225 8186 10927 
1 5 12604 12617 4804 1814 12632 
1 6 4543 1565 12664 4718 10710 7742 
1 8 4980 13276 12885 10906 12828 4982 12716 1981 
2 22 2156 8199 5190 12983 12997 13309 2225 5202 13304 2210 13086 13375 13374 5131 8217 12994 5171 11000 13368 5228 13310 8194 
1 8 8194 13303 5191 650 8229 13308 12984 5121 
1 2 2161 10961 
2 9 12364 12379 4573 7621 1624 4643 1639 12494 12321 
2 8 12364 12351 7500 5163 13000 8255 5143 8216 
1 7 7500 1449 2172 5213 2106 12922 2152 
1 6 12922 12943 13371 10944 5229 2224 
1 6 8255 11022 2136 12928 12914 5228 
1 7 11022 12942 5152 12970 5219 10935 12494 
2 8 12321 10981 12349 13307 10953 13305 2169 2161 
1 4 5215 8218 8198 10961 
1 3 10362 12496 1654 
1 2 10362 4457 
2 11 2152 2209 10973 5165 12916 12902 12973 10982 8211 12917 13278 
1 4 2210 13086 13195 5230 
1 4 5230 8225 10996 10982 
1 5 13195 8157 12930 10987 5229 
1 4 10987 2174 5146 12994 
1 4 10944 8203 2160 12902 
1 5 12902 13373 8189 10959 5115 
1 2 10982 12939 
1 8 2210 2182 10940 8191 8160 13316 2212 10970 
1 3 2156 5120 8252 
1 5 10970 8149 13291 2007 5026 
1 3 8252 5051 12798 
1 5 10747 2079 7936 10846 12798 
1 6 10747 12845 2052 1997 10855 8113 
1 4 8113 8024 5056 5026 
1 6 8113 7968 10912 10823 10767 1981 
1 5 8113 8024 10736 7915 5317 
1 3 10747 5026 10792 
1 4 5051 10888 13291 12825 
1 6 5088 1997 2052 12772 1944 2085 
1 7 2085 8056 1937 12790 10864 4969 10494 
1 2 10494 7936 
1 3 12790 1937 12845 
1 6 7630 7617 4624 4611 12878 13087 
1 4 13087 13092 12738 12865 
2 8 13087 1988 2075 2031 8017 13085 2077 4965 
2 6 12865 13093 12823 10886 10842 1900 
1 5 4965 12715 4904 12867 1900 
2 8 1900 2021 10889 12810 8089 1965 12755 2008 
1 3 2008 4887 8032 
1 4 5066 10730 10773 10889 
1 3 4887 13089 12746 
1 3 5021 4956 2008 
1 5 2008 10172 12873 10895 8057 
1 3 10172 12804 7921 
3 11 4956 2083 12721 10769 2060 12811 2104 12897 2037 8097 13541 
2 9 8057 1945 4977 4908 10848 2069 12833 13215 12461 
1 9 12721 10738 7973 13500 13509 12850 10830 12745 8097 
1 4 7973 12835 10769 5015 
1 10 5021 13088 5015 12369 6785 2042 4884 12410 10337 1500 
1 3 1965 7913 8079 
1 9 12410 12341 5022 7981 1915 12301 9773 13563 12684 
1 6 12811 5038 10894 13539 12791 10914 
2 8 12461 1562 7517 11757 9814 11859 6881 986 
1 8 9814 10483 10387 4657 4799 850 7821 10573 
2 8 10573 10645 12552 10642 2102 12624 2055 10702 
1 4 10914 4796 7747 853 
1 3 4796 6897 7821 
1 8 9713 9697 3588 4331 12134 10625 12607 10556 
1 8 10573 7818 4742 10662 4865 10582 12535 10672 
1 3 4742 1756 13596 
1 5 4908 10765 8012 7920 4796 
1 4 13509 10916 4898 1945 
1 5 5036 2080 5054 11012 8078 
1 6 8034 1992 8021 10820 8109 7963 
1 3 10862 12787 8039 
1 4 10762 5070 5045 4927 
1 2 1909 4957 
1 3 12891 12747 12858 
1 2 4989 13213 
1 5 13364 4948 12710 8015 2012 
1 2 1951 12843 
1 2 13379 10862 
1 7 2115 10968 8193 3109 6008 12830 11108 
1 2 11012 6008 
1 5 13363 5139 8207 12975 2115 
1 5 8248 12981 2126 1552 10538 
1 2 2202 10972 
1 3 10972 12908 12986 
1 5 2120 5155 2216 1874 7872 
1 3 2193 5177 2151 
2 8 13365 12589 10415 12419 10697 5231 12648 12064 
1 6 12589 12547 4696 1833 7576 1468 
1 2 12589 4528 
1 3 2196 8205 12911 
1 3 5210 6020 1939 
1 3 10976 10761 10962 
1 2 5010 13242 
1 16 1159 4245 10077 4644 7593 7537 4544 4516 10751 12786 5055 12137 5086 10794 11955 2086 
1 6 10088 10060 10428 9946 7574 12420 
1 10 7297 1228 4280 12114 11950 12226 5063 1405 7119 7013 
1 2 7119 1349 
2 8 13392 10149 12164 1381 4416 1409 4327 7402 
2 8 7297 7340 4321 1430 10152 12180 10278 13392 
1 8 4321 4365 10296 10756 5032 13404 4278 12208 
1 10 1381 10246 8067 7363 4315 4344 13396 13399 7395 12208 
1 7 4344 12146 8011 13398 10897 7310 10152 
1 8 13427 7150 11993 7205 10872 4950 12799 12854 
1 3 3456 10108 7049 
1 15 13452 7982 12863 12780 8031 1963 8074 5067 10922 10837 7969 10523 9816 5098 10793 
1 12 1330 10154 10283 10344 1650 7034 4202 12404 10386 12335 10486 4588 
1 4 12404 1492 7469 10920 
2 4 1330 12127 4293 4336 
2 3 1330 10267 12267 
1 12 7382 7254 12284 1333 1014 12090 4147 7122 997 7179 7634 10514 
2 2 13415 1014 
2 3 13430 9991 997 
1 5 10514 1581 10486 12492 7469 
1 2 7408 10250 
1 9 4134 4628 4077 1469 12065 1073 12048 4075 1185 
1 10 13497 13498 13499 7125 10036 9936 4103 12089 4086 4056 
1 5 11960 1067 7102 10032 998 
1 5 10032 10128 12007 1117 11930 
1 8 11960 4142 10125 12097 7087 7157 9998 1182 
2 2 11960 7072 
1 5 11960 4054 1051 1133 7113 
1 9 11960 1136 9985 10055 1167 7145 1191 7050 11985 
1 2 1092 1191 
1 7 7169 13505 1165 6870 11847 9859 6994 
1 3 3962 7532 10444 
1 2 7959 5039 
1 4 12064 10400 5217 10525 
1 4 12419 1509 12940 7770 
1 4 4528 5189 7605 4879 
1 3 10697 4584 1833 
1 3 1468 8178 8245 
1 6 7634 1075 11929 4616 7662 7593 
